25
24
28
143
130
3052
40
26
44
39500
27
378781
1972
893538
39609
100585
14
58
34
170
457824
109
67
3
593080
42830
46
235279
77
85
23010
52
74394
168
43
41116
893548
177928
636131
53
30411
253335
139
68
36
858834
74
829010
220
893550
893551
216
893542
32
70767
47
7492
893539
78
151
42
163
70830
51
339779
893541
43280
70771
504795
893543
35
134
136
45650
93
7037
82
114441
893552
42735
370233
4040
95
42683
7494
4354
14225
40780
7464
893547
822058
90
683882
40632
69440
37
359467
102
189
4185
4940
254303
39597
2529
229
38435
893540
4477
40912
331602
625777
3884
407635
1829
740589
176
113
48
288031
2100
55
893554
211
76
38
560573
1973
7601
74378
158
91
893544
893549
33
58123
39
43354
893553
87
165
258
347856
514058
11283
314
217
893545
374529
893546
64
